2,596,993 100.0 611,105 23.5 584,881 22.5 149,205 5.7 130,557 5.0 128,978 5.0
84,767 3.3 75,578 2.9 56,979 2.2 47,112 1.8 41,149 1.6 38,156 1.5 36,427 1.4 30,770 1.2 25,196 1.0 18,579 0.7
537,554 20.7
4,068 100.0 1,316 32.4 476 11.7 337 8.3 328 8.1 169 4.2 102 2.5 64 1.6 53 1.3
47 1.2 45 1.1 38 0.9 23 0.6 20 0.5 15 0.4 14 0.3
1,021 25.1
5,340 100.0 1,521 28.5 895 16.8 395 7.4 340 6.4 277 5.2 173 3.2 155 2.9 128 2.4 89 1.7
65 1.2 55 1.0 33 0.6 26 0.5 24 0.4 17 0.3
1,147 21.5
28,486 100.0 11,619 40.8 4,878 17.1 4,329 15.2 1,496 5.3 941 3.3 362 1.3 197 0.7 193 0.7 178 0.6 155 0.5 153 0.5 138 0.5 109 0.4 99 0.3 93 0.3 3,546 12.4
45,463 100.0 16,209 35.7 6,348 14.0 4,236 9.3 3,673 8.1 3,258 7.2 684 1.5 676 1.5 631 1.4 508 1.1 449 1.0 441 1.0 423 0.9 333 0.7 291 0.6 266 0.6 7,037 15.5
69,573 100.0 15,354 22.1 11,349 16.3 10,341 14.9
6,551 9.4 2,581 3.7 2,491 3.6 1,952 2.8 1,687 2.4 1,246 1.8
881 1.3 820 1.2 760 1.1 627 0.9 441 0.6 409 0.6
12,083 17.4
177,724 100.0 46,185 26.0 35,167 19.8 20,357 11.5
8,785 4.9 8,621 4.9 5,899 3.3 5,425 3.1 4,619 2.6 2,445 1.4 2,378 1.3 2,233 1.3 2,025 1.1 1,989 1.1 1,911 1.1 1,513 0.9
28,172 15.9
338,127 100.0 113,324 33.5 72,568 21.5 17,057 5.0 15,942 4.7 13,061 3.9 11,951 3.5 11,364 3.4 7,135 2.1 5,345 1.6 4,947 1.5 4,779 1.4 3,936 1.2 3,137 0.9 1,820 0.5
1,502 0.4 50,259 14.9
454,429 100.0
155,552 34.2
98,432 21.7
35,603 7.8
18,722 4.1
17,279 3.8
10,967 2.4
8,524 1.9
7,693 1.7
7,441 1.6
7,087 1.6
4,561 1.0
4,357 1.0
3,794 0.8
3,215 0.7
2,773 0.6
68,429 15.1
625,013 100.0
153,214 24.5
147,255 23.6
49,346 7.9
36,151 5.8
23,073 3.7
19,587 3.1
14,438 2.3
13,949 2.2
13,317 2.1
10,549 1.7
10,274 1.6
7,216 1.2
4,933 0.8
4,554 0.7
4,014 0.6
113,143 18.1
825,198 100.0 242,469 29.4 98,792 12.0 56,152 6.8 54,729 6.6 42,245 5.1 26,641 3.2 20,537 2.5 17,239 2.1 16,885 2.0 13,991 1.7 10,848 1.3 10,762 1.3 9,218 1.1
5,106 0.6
3,803 0.5 195,781 23.7
1,306,034 100.0 321,347 24.6 307,559 23.5
81,916 6.3 70,317 5.4 53,691 4.1 39,841 3.1 32,055 2.5 26,804 2.1 25,836 2.0 23,709 1.8 23,493 1.8 17,994 1.4 15,088 1.2 12,963 1.0 12,726 1.0
240,695 18.4
2,323 100.0 831 35.8 232 10.0 184 7.9 183 7.9
96 4.1 53 2.3 38 1.6 32 1.4 29 1.2 22 0.9
19 0.8 13 0.6 11 0.5
7 0.3
7 0.3 566 24.4
3,077 100.0 950 30.9 471 15.3 252 8.2 176 5.7 168 5.5 100 3.2
93 3.0 70 2.3 44 1.4
40 1.3 32 1.0 17 0.6 15 0.5 12 0.4 11 0.4
626 20.3
20,864 100.0 8,545 41.0 3,903 18.7 3,765 18.0
859 4.1 628 3.0 223 1.1 120 0.6 114 0.5 101 0.5
95 0.5 85 0.4 81 0.4 74 0.4
57 0.3
54 0.3 2,160 10.4
31,462 100.0 12,025 38.2 5,063 16.1 3,555 11.3 2,214 7.0 1,857 5.9 457 1.5 435 1.4 403 1.3 279 0.9 253 0.8 240 0.8 178 0.6 160 0.5 141 0.4 140 0.4 4,062 12.9
43,072 100.0 10,566 24.5 7,152 16.6 5,003 11.6 4,827 11.2 2,025 4.7 1,620 3.8 1,211 2.8 938 2.2 842 2.0 464 1.1 397 0.9 365 0.8 342 0.8 264 0.6 251 0.6 6,805 15.8
107,997 100.0 24,830 23.0 22,966 21.3 13,591 12.6
6,393 5.9 5,858 5.4 3,633 3.4 3,067 2.8 2,142 2.0 1,760 1.6 1,479 1.4 1,328 1.2 1,304 1.2 1,277 1.2 1,190 1.1
990 0.9 16,189 15.0
206,325 100.0 62,810 30.4 50,680 24.6 11,658 5.7
8,485 4.1 8,287 4.0 7,933 3.8 6,651 3.2 5,373 2.6 2,892 1.4 2,800 1.4 2,792 1.4 2,745 1.3 1,990 1.0 1,369 0.7
934 0.5 28,926 14.0
257,898 100.0 85,669 33.2 62,634 24.3 17,925 7.0 10,033 3.9
9,857 3.8 7,014 2.7 4,531 1.8 4,469 1.7 4,131 1.6 4,002 1.6 3,072 1.2 2,359 0.9 2,160 0.8 1,984 0.8
1,657 0.6 36,401 14.1
