821.5 193.3 185.0
47.2 41.3 40.8 26.8 23.9 18.0 14.9 13.0 12.1 11.5
9.7 8.0 5.9
170.0
25.5 8.3 3.0 2.1 2.1 1.1 0.6 0.4 0.3
0.3 0.3 0.2 0.1 0.1
*
* 6.4
13.0 3.7 2.2 1.0 0.8 0.7 0.4 0.4 0.3 0.2
0.2 0.1 0.1 0.1 0.1
* 2.8
64.8 26.4 11.1
9.8 3.4 2.1 0.8 0.4 0.4 0.4 0.4 0.3 0.3 0.2 0.2 0.2 8.1
106.1 37.8 14.8 9.9 8.6 7.6 1.6 1.6 1.5 1.2 1.0 1.0 1.0 0.8 0.7 0.6 16.4
172.0 38.0 28.1 25.6 16.2 6.4 6.2 4.8 4.2 3.1 2.2 2.0 1.9 1.5 1.1 1.0 29.9
406.1 105.5 80.3 46.5 20.1 19.7 13.5 12.4 10.6 5.6 5.4 5.1 4.6 4.5 4.4 3.5 64.4
860.0 288.2 184.6
43.4 40.5 33.2 30.4 28.9 18.1 13.6 12.6 12.2 10.0
8.0 4.6
3.8 127.8
1,802.1
616.9
390.3
141.2
74.2
68.5
43.5
33.8
30.5
29.5
28.1
18.1
17.3
15.0
12.7
11.0
271.4
4,648.1
1,139.4
1,095.1
367.0
268.9
171.6
145.7
107.4
103.7
99.0
78.5
76.4
53.7
36.7
33.9
29.9
841.4
13,660.4 4,013.9 1,635.4
929.5 906.0 699.3 441.0 340.0 285.4 279.5 231.6 179.6 178.2 152.6
84.5
63.0 3,241.0
839.1 206.5 197.6
52.6 45.2 34.5 25.6 20.6 17.2 16.6 15.2 15.1 11.6
9.7 8.3 8.2
154.6
28.6 10.2 2.9 2.3 2.2 1.2 0.7 0.5 0.4 0.4 0.3
* * * * *
7.0
14.6 4.5 2.2 1.2 0.8 0.8 0.5 0.4 0.3 0.2
0.2 0.2 * * * * 3.0
92.6 37.9 17.3 16.7
3.8 2.8 1.0 0.5 0.5 0.4 0.4 0.4 0.4 0.3
0.3 0.2 9.6
145.4 55.6 23.4 16.4 10.2 8.6 2.1 2.0 1.9 1.3 1.2 1.1 0.8 0.7 0.7 0.6 18.8
213.8 52.4 35.5 24.8 24.0 10.1 8.0 6.0 4.7 4.2 2.3 2.0 1.8 1.7 1.3 1.2 33.8
500.7 115.1 106.5
63.0 29.6 27.2 16.8 14.2
9.9 8.2 6.9 6.2 6.0 5.9 5.5 4.6
75.1
1,088.4 331.3 267.3 61.5 44.8 43.7 41.8 35.1 28.3 15.3 14.8 14.7 14.5 10.5 7.2 4.9 152.6
2,186.0 726.2 530.9 151.9 85.0 83.6 59.5 38.4 37.9 35.0 33.9 26.0 20.0 18.3 16.8
14.0 308.5
